3.0	2.766019804225853
3.0	13.635747646321965
3.0	19.228251739395066
3.0	13.155943814849389
3.0	1.7029534511554563
3.0	17.972811291603865
3.0	9.55222850039064
3.0	0.9369237683671376
3.0	6.177198763718128
3.0	10.168353535597864
3.0	13.731686011575947
3.0	15.690898585225966
3.0	7.144655432435284
3.0	10.966488380931391
3.0	8.888942135306655
3.0	17.622320495635417
3.0	4.382151178494047
3.0	5.179296041957295
3.0	11.368258555660933
3.0	15.22186113092522
2.0	3.1632172284186257
2.0	3.8436821995264596
2.0	3.3082246307385494
2.0	5.9307741322851895
2.0	12.233442990910474
2.0	10.073262866294156
2.0	0.2595283626735406
2.0	7.588314423264915
2.0	8.273364323940392
2.0	6.067873997628862
2.0	8.068677541005794
2.0	4.592702637822796
2.0	5.745900009567203
2.0	9.147134729087263
2.0	16.098272976767362
2.0	1.197861130373884
2.0	14.79833588312381
2.0	4.527056167471449
2.0	0.9019726022871035
2.0	3.946014004436913
0.0	5.980080594007623
0.0	10.37092407862168
0.0	1.8318995805687752
0.0	0.26346760589516816
0.0	13.680955442692937
0.0	2.8258578573709
0.0	5.744880443468372
0.0	4.77812776458449
0.0	2.742312719729645
0.0	3.756487942171651
0.0	8.594989438402953
0.0	17.214634691814915
0.0	3.1907767520143944
0.0	13.138739422338151
0.0	14.812340883692917
0.0	12.290689253566402
0.0	0.43652617602361693
0.0	13.010022038813874
0.0	19.334207877216297
0.0	1.272280686200633
1.0	15.010868046503596
1.0	13.910953965993897
1.0	10.678230939341026
1.0	5.052002830352364
1.0	6.137964764680774
1.0	14.173590048997982
1.0	8.866820977130415
1.0	4.839742625326331
1.0	5.041124527680323
1.0	7.30101068092446
1.0	0.06289941396773929
1.0	16.8703646532146
1.0	14.827058662683887
1.0	14.91768069221566
1.0	5.163735560891695
1.0	5.454871627682126
1.0	8.451196526255554
1.0	11.437191228538826
1.0	0.5423837364221588
1.0	10.011933574172051
